version https://git-lfs.github.com/spec/v1
oid sha256:5bea77223f5a9d384646646adf8ac6ec3066fe8a0161450a8d3c95d61be7e583
size 187957
